40187
40186
40184
40180
40179
40176
40175
40174
40173
40172
40170
40169
40160
40139
40138
40137
40136
40135
40133
40132
40127
40126
40124
40123
40122
40121
40113
40092
40091
40090
40089
40076
40074
40065
40057
40048
40039
40030
40022
40013
40004
39995
39986
39977
39968
39959
39951
39942
39933
39927
39926
39925
39924
39922
39921
39920
39919
39918
39917
39916
39915
39914
39913
39912
39911
39910
39909
39908
39907
39906
39905
39904
39901
39900
39899
39898
39897
39896
39892
39888
39887
39886
39885
39884
39882
39879
39878
39877
39876
39869
39868
39867
39866
39863
39861
39859
39836
39834
39833
39832
39776
39775
39774
39773
39772
39771
39770
39769
39768
39767
39765
39764
39763
39761
39760
39759
39758
39757
39756
39755
39752
39751
39750
39749
39748
39747
39746
39745
39740
39735
39734
39166
39165
39164
39163
39162
39161
39153
39152
39111
39110
39109
39108
39107
39106
39069
39060
39051
39050
39049
39042
39041
39037
39036
39035
39033
38785
38784
38775
38774
38773
38772
38771
38754
38752
38751
38750
38748
38718
38716
38715
38714
38713
38712
38711
38710
38709
38708
38707
38706
38705
38704
38703
38702
38701
38700
38699
38697
38696
38695
38694
38693
38692
38691
38690
38689
38688
38687
38686
38680
38679
38678
38677
38676
38675
38673
38668
38667
38666
38665
38664
38663
38662
38547
38536
38535
38534
38533
38522
38521
38520
38519
38518
38517
38516
38515
38514
38513
38512
38511
40249
40248
40247
40246
40245
40236
40227
40218
40213
40204
40203
38510
38509
38508
38496
38495
38494
38493
38492
38491
38490
38489
38488
38479
38478
38477
38476
38475
38474
38473
38472
38471
38469
38467
38466
38465
38464
38463
38462
38461
38460
38459
38458
38457
38456
38455
38453
38452
37939
37938
37933
37932
37931
37930
37929
37928
37927
37926
37819
37818
37817
37816
37815
37814
37813
37812
37811
37810
37809
37808
37807
37806
37805
37804
37803
40271
40270
40269
40268
40267
40266
40265
40258
40257
40255
40254
40253
40252
40250
37802
37801
37800
37799
37798
37797
37796
37795
37794
37793
37792
37791
37790
37789
37788
37787
37786
37785
37784
37783
37782
37780
37777
37773
37765
37757
37749
37743
37734
37733
37726
37717
37700
37699
37698
37697
37696
37695
37694
37693
37692
37691
37680
37679
37678
37676
37675
37662
37661
37660
37659
37658
37657
37656
37655
37654
37653
37652
37651
37650
37649
37648
37647
37646
37630
37628
37625
37624
37623
37621
37620
37619
37618
37617
37616
37587
37586
37585
37584
37580
37579
37575
37567
37522
37520
37509
37508
37505
37483
37350
37349
37348
37346
37345
37344
37343
37342
37341
37340
37338
37333
37328
37327
37326
37325
37324
37323
37322
37321
37320
37022
37021
37018
37017
36999
36998
36997
36996
36995
36994
36993
36992
36991
36990
36989
36987
36986
36985
36984
36982
36975
36974
36973
36972
36970
36969
36968
36967
36966
36960
36470
36469
36468
36465
36464
36286
36285
36284
36271
36269
36267
36252
36247
36246
36244
36243
36242
36241
36240
36239
36238
36237
36236
36235
36234
36233
36232
36231
36230
36229
36209
36208
36207
36204
36203
36202
36201
36200
36199
36198
36197
36196
36195
36194
36193
36192
36191
36190
36189
36188
36187
36186
36185
36184
36183
36182
36181
36180
36179
36178
36177
36176
36175
36174
36173
36172
36171
36170
36169
36168
36167
36165
36162
36161
36160
36159
36158
36156
36155
36154
36152
36151
36150
36140
36139
36138
36137
36136
36135
36134
36133
36132
36129
36128
35970
35969
35968
35967
35966
35965
35964
35963
40303
40302
40301
40300
40299
40298
40297
40296
40295
40289
40288
40287
40286
40285
35958
35957
35956
35955
35954
35953
35949
35948
35947
35946
35945
35944
35943
35942
35940
35939
35935
35934
35928
35908
35907
35906
35769
35765
35691
35690
35689
35688
35687
35686
35613
35611
35610
35609
35607
35606
35605
35486
35484
35483
35482
35481
35479
35478
35475
35474
35473
35472
35434
35433
35430
35199
35198
35197
35195
35194
35193
35177
35176
35175
35173
35172
35171
35153
35149
35138
35136
35092
35091
35090
35089
35088
35075
35074
35073
35072
35071
35069
35067
35060
35059
35056
35055
34976
34968
34963
34959
34958
34917
34916
34915
34914
34913
34912
34911
34910
34909
34908
34907
34906
34905
34904
34902
34901
34900
34899
34897
34896
34895
34892
34891
34890
34880
34879
34878
34877
34876
34872
34871
34867
34864
34862
34858
34853
34852
34851
34850
34849
34848
34847
34835
34834
34833
34832
34829
34794
34793
34791
34789
34788
34682
34680
34679
34677
34676
34674
34659
34658
34657
34651
34642
34474
34457
34456
34453
34452
34451
34450
34441
34440
34438
34437
34436
34435
34413
34412
34407
34377
34236
34235
34234
34076
34069
34068
34067
34066
34065
34064
34063
34062
34061
34060
34059
34058
34056
34050
34047
34046
34044
34043
34041
34017
33880
33878
33877
33876
33873
33872
33870
33868
33865
33864
33861
33860
33859
33858
33856
33604
33602
33601
33600
33599
33597
33596
33444
33434
33433
33430
33426
33424
33343
33342
33318
33311
33309
33306
33301
33298
33297
33241
33240
33239
33238
33234
33233
33232
33196
33195
32983
32980
32976
32972
32971
32970
32967
32966
32963
32962
32293
32292
32291
32290
32289
32288
32287
32286
32285
32284
32282
32162
32157
32151
32150
32149
32148
32147
32146
32145
32144
32143
32142
32107
32106
32105
32104
32103
32101
32085
32084
32083
32082
32081
32080
32072
32071
32070
32069
32068
32058
32056
32055
32053
32052
32045
32044
32043
32042
32041
32040
32039
32038
32037
32027
32026
32025
32024
32023
32022
32021
32020
32019
32018
32017
32016
32015
32014
32013
32012
32011
32010
32009
32008
32006
32005
32003
32002
32001
31675
31674
31671
31664
31663
31661
31658
31657
31656
31655
31654
31653
31651
31435
31430
31098
31085
31082
30499
30434
30433
30353
30339
30335
30271
30270
30269
30268
30267
29999
29995
29994
29792
29481
29480
29479
29478
29477
40329
40328
40326
40325
40323
40322
40320
40319
40318
40317
40315
40314
40313
40312
40311
40310
40309
40308
40306
29476
29475
29462
29461
29460
29459
29439
29438
29437
29436
29435
29434
29430
29429
29428
29427
29340
29339
29338
29337
29256
28700
28699
28698
28697
28696
28694
25668
25667
25463
25462
25460
25459
25458
25457
25456
25435
25434
25273
25272
25222
25218
25199
25193
25190
24882
24881
24880
24876
24875
24874
23488
23487
23486
23485
23484
22540
22539
22538
22384
22383
22382
22381
22380
22379
22309
21288
40406
40405
40404
40395
40394
40393
40406
40405
40404
40395
40394
40393
40392
40391
40390
40389
40388
40387
40386
40385
40383
40382
40381
40380
40379
40378
40377
40376
40375
40374
40373
40372
40371
40370
40369
40368
40367
40366
40365
40364
40363
40362
40361
40360
40359
40358
40357
40356
40355
40354
40353
40351
40350
40349
40348
40347
40346
40345
40452
41129
41128
41127
41126
41124
41123
41122
41121
41120
41119
41118
41117
41116
41115
41114
41113
41112
41111
41110
41068
41067
41066
41020
41019
41018
41017
41016
41015
41014
41011
41010
41009
41002
41001
40603
40602
40601
40600
40599
40598
40597
40596
40595
40594
40574
40573
41430
41429
41427
41399
41398
41397
41396
41394
41393
41392
41391
41390
41389
41388
41387
41386
41385
41384
41383
41382
41381
41380
41373
41372
41371
41370
41369
41368
41367
41366
41365
41364
41363
41361
41357
41355
41353
41351
41349
41347
41153
41151
41150
41149
41148
41145
42553
42552
42551
42550
42549
42548
42547
42546
42543
42534
42531
42530
42529
42528
42527
42526
42525
42522
42521
42520
42518
42517
42516
42515
42514
42486
42485
42484
42483
42479
42478
42477
42476
42475
42474
42473
42472
42471
42470
42469
42468
42467
42466
42426
42425
42424
42560
42559
42558
42557
42556
42555
42554
42423
42422
42382
42381
42299
42298
42291
42290
42289
42288
42287
42286
42267
42235
42234
42233
42232
42231
42230
42226
42225
42224
42223
42222
42215
42214
42213
42212
42211
42210
42209
42208
42207
42206
42205
42204
42203
42202
42201
42200
42199
42198
42197
42196
42195
42194
42193
42192
42191
42190
42189
42188
42187
42186
42185
42184
42183
42182
42181
42180
41615
41613
41610
41609
41608
41599
41598
41597
41571
41561
41499
41487
41486
41485
41484
41483
41482
41481
41480
41444
41436
41435
48948
48947
48946
48939
48938
48937
48936
48728
48726
48723
48105
48104
48103
48102
48101
48100
48099
47784
47783
47782
47781
47780
47779
47778
47777
47776
45965
45963
45960
45959
45535
45524
45523
45520
45518
45517
45516
45515
45505
45503
45502
45501
45500
45499
45498
45497
45487
45486
45484
45483
45482
45481
45480
45479
45478
45472
45470
45469
45460
45459
45458
45457
45456
45455
45453
45452
45442
45441
45440
45438
45436
45435
45434
45433
45432
