40327
40324
40321
40316
40307
40244
40243
40242
40241
40240
40239
40238
40237
40235
40234
40233
40232
40231
40230
40229
40228
40226
40225
40224
40223
40222
40221
40220
40219
40217
40216
40215
40214
40212
40211
40210
40209
40208
40207
40206
40205
40202
40201
40200
40199
40198
40168
40167
40166
40165
40164
40163
40162
40161
40159
40158
40157
40156
40155
40154
40153
40151
40112
40111
40110
40109
40108
40107
40106
40105
40073
40072
40071
40070
40069
40068
40067
40066
40064
40063
40062
40061
40060
40059
40058
40056
40055
40054
40053
40052
40051
40050
40049
40047
40046
40045
40044
40043
40042
40041
40040
40038
40037
40036
40035
40034
40033
40032
40031
40029
40028
40027
40026
40025
40024
40023
40021
40020
40019
40018
40017
40016
40015
40014
40012
40011
40010
40009
40008
40007
40006
40005
40003
40002
40001
40000
39999
39998
39997
39996
39994
39993
39992
39991
39990
39989
39988
39987
39985
39984
39983
39982
39981
39980
39979
39978
39976
39975
39974
39973
39972
39971
39970
39969
39967
39966
39965
39964
39963
39962
39961
39960
39958
39957
39956
39955
39954
39953
39952
39950
39949
39948
39947
39946
39945
39944
39943
39941
39940
39939
39938
39937
39936
39935
39934
39932
39931
39930
39929
39928
39895
39894
39893
39891
39890
39889
39068
39067
39066
39065
39064
39063
39062
39061
39059
39058
39057
39056
39055
39054
39053
39052
39048
39047
39046
39045
39044
39043
39040
39039
39038
38783
38782
38781
38780
38779
38778
38777
38776
38661
38660
38659
38658
38657
38656
38655
38654
38653
38652
38600
38599
38598
38597
38596
38595
38546
38545
38544
38543
38542
38541
38540
38539
38538
38537
38532
38531
38530
38529
38528
38527
38526
38525
38524
38523
38506
38505
38504
38503
38502
38501
38500
38499
38498
38497
38487
38486
38485
38484
38483
38482
38481
38480
37772
37771
37770
37769
37768
37767
37766
37764
37763
37762
37761
37760
37759
37758
37756
37755
37754
37753
37752
37751
37750
37748
37747
37746
37745
37744
37742
37741
37740
37739
37738
37737
37736
37735
37732
37731
37730
37729
37728
37727
37725
37724
37723
37722
37721
37720
37719
37718
37716
37715
37714
37519
37518
37517
37516
37515
37514
37513
37512
37377
37376
37375
37374
37373
37372
37371
37370
37369
37368
37367
37366
37365
37364
37363
37362
37361
37360
37359
37358
37357
37356
37355
37354
37353
37352
35938
35937
35936
35926
35925
35924
35905
35629
35628
35627
35626
35166
35165
35164
35163
35162
35161
35160
35159
35158
35157
35148
35147
35146
35145
35144
35143
35142
35141
32067
32066
32051
32050
32049
32048
32046
31652
30284
28693
28692
28691
26341
26340
26339
26338
26337
26336
26335
26334
26333
26332
26331
26330
25474
25473
25472
25471
25470
25469
25468
25467
25466
25465
25464
25461
25455
25454
25453
25452
25451
25450
25449
25448
25447
25446
25445
25444
25443
25442
25441
25440
25439
25438
25437
25436
25433
25432
25431
25430
25429
25428
25427
25426
25274
25271
25270
25269
25268
25267
25266
25261
25260
25259
25258
25257
25256
25255
25254
25253
25252
25249
25248
25247
25246
25245
25244
25243
25242
25241
25240
25237
25236
25235
25234
25233
25232
25231
25230
25229
25228
25225
25224
25223
25221
25220
25219
25217
25216
25205
25204
25203
25202
25201
25200
25198
25197
25196
25192
25191
25189
25188
25187
25186
25185
25184
25166
25165
25164
25163
25162
25161
25160
25159
25158
25157
25146
25145
25144
25143
25142
25141
25140
25139
25138
25137
25133
25132
25131
25130
25129
25128
25127
25126
25125
24879
24878
24877
24873
24254
24253
41428
41362
41360
41356
41354
41352
41350
41348
41346
41144
41143
41072
41071
41070
41069
40403
40402
40401
40400
40399
40398
40397
40396
40352
42297
42296
42295
42294
42293
42292
42266
42265
42264
42263
42262
42261
42260
42259
42258
42257
42256
42255
42254
42253
42252
42251
42250
42249
42248
42247
42246
42245
42244
42243
42242
42241
42240
42239
42238
42237
42236
42229
42228
42227
42221
42220
42219
42218
42217
42216
41580
41579
41578
41577
41576
41575
41574
41573
41572
41570
41569
41568
41567
41566
41565
41564
41563
41562
41505
41504
41503
41502
41501
41500
41498
41497
41496
41495
41494
41493
41492
41491
41490
41489
41488
45538
45537
45532
45530
45527
45526
45514
45513
45512
45511
45510
45509
45508
45507
45506
45496
45495
45494
45493
45492
45491
45490
45489
45488
44112
44091
44090
44088
44087
44086
44085
44084
44083
44056
44055
44054
44053
44052
44051
44050
44049
44048
44036
44026
44018
44012
43926
43925
43924
43923
43912
42609
42608
42607
42606
42605
42604
42603
42602
42601
